L,M,S
5.4,93.6,1
3.2,92.6,4.2
5.2,91.7,3.1
3.5,86.9,9.6
2.9,90.4,6.7
4.6,92.1,3.3
4.4,91.5,4.1
5,90.3,4.7
8.4,85.1,6.5
4.2,89.7,6.1
3.8,92.5,3.7
4.3,91.8,3.9
3.7,91.7,4.6
3.8,90.3,5.9
2.6,94.5,2.9
2.7,94.5,2.8
7.9,88.7,3.4
6.6,84.6,8.8
4,90.7,5.3
2.5,90.2,7.3
3.8,92.7,3.5
2.8,91.5,5.7
2.9,91.8,5.3
3.3,90.6,6.1
7.2,87.3,5.5
7.3,79,13.7
7,82.6,10.4
6,83.5,10.5
